# Created by Octave 4.2.1, Tue Oct 31 21:54:16 2017 JST <ysawada@MBP15UAL-NC0149.local>
# name: theta1
# type: matrix
# rows: 15
# columns: 10
 1.66068678072942 -8.843967115209027 -7.10511263150577 -7.07151421295243 -6.999893606974537 -11.02959481525754 -7.778248344888214 -6.355590478462008 -12.11874113956787 -7.190018863873578
 1.369989957237693 -7.000558578695022 -6.139753848571567 -6.482826202804297 -6.410541052871142 -6.74168498185345 -6.039686414977323 -6.335510995784793 -11.95417257304833 -7.196150196327361
 0.9376604765202732 -9.816334292934854 -17.67898154833606 -2.715250806073783 -9.390288334718871 7.646541130242806 -2.296118549511048 -9.607607193071008 -10.40599280024226 -10.9243375113648
 1.816777561486649 -7.577840795433629 -6.545728901386305 -11.144205876662 -0.7082979500079887 -11.08671463763885 -9.060859600472007 -7.122017423698137 -8.349553274822652 -6.989621098951107
 1.412513465126994 -28.09999298257199 -29.8839750292291 13.63209596648916 4.896902196542952 66.84583311883289 -32.11052036994995 0.1547006775301958 -21.93451247170623 26.55754268621404
 1.513319975027957 -14.4110475718928 -19.58914497317473 -18.60729946804705 -0.2264522908402248 -2.741552851878975 13.93612183304435 -15.29521839147944 -33.2299763087367 -4.136988425553467
 1.700804869462488 -15.22421114852822 -20.61501380148948 -22.17638817751541 -13.83127190240815 -21.83785681224004 -20.30957633433232 -26.96017603146694 -27.41361363473509 -23.80298285848152
 0.9368918851339177 6.815950862803184 -17.67871727147842 -15.10266546564766 -17.45295764448167 -4.770050560659103 -2.066353768696658 0.4636560323806875 -4.007475880309563 -12.04958210683506
 1.286960609877407 -19.31031745221467 -7.420779871605792 -5.450043200767702 4.873022671428711 -10.65110469310713 -9.175243137001992 11.74886058420696 -8.948227772364767 -23.03555602940573
 1.238170833293116 -6.614065252693816 -1.771726001849485 -6.314728150047404 -5.743590412911562 -6.795678249239543 -10.9504843299516 -6.352843218703743 -6.797730198965993 -6.14709465792451
 1.755500583823771 -13.74869573165927 -10.16609132447299 -6.563215955831835 -7.724088343316104 -8.058102690124002 -11.21424309234765 -5.531828800124468 -9.481162029062689 -6.939849221884481
 1.360404056895003 2.093784026218047 1.61759035694937 3.593507417791697 4.327479382933805 1.842608011062053 1.314290296557149 5.101663683133588 3.153994455194256 -40.41126115304261
 1.021325295153041 -8.277249030454758 -9.663844533573368 -9.055306180762253 -13.25777706108564 1.60896944580905 -4.197018940841859 -3.469772147464544 10.5209125690135 -14.23387102620481
 1.667765945490089 -15.10693601263783 7.378060092669751 -5.827076506829453 -13.80217546361657 -11.91616512017101 -12.98775200675311 -3.649874882896168 -12.00947311125416 -7.618308528060686
 1.134022422410029 -11.8431272321861 -4.123284081629458 9.452887878620018 -18.66109924995833 -12.19352879394434 -10.41713660468379 -11.20917864629265 -6.632570927601709 -16.7555388378647


# name: theta2
# type: matrix
# rows: 9
# columns: 16
 -2.498938066155176 0.07103203726427666 0.2806072759409305 0.5045689540525539 0.4532256116771559 0.7146614147518485 -0.1596895428863059 0.05571237156382795 -1.04209368553535 -0.6188602981137837 0.3119248452906259 0.1039267274438656 -0.1580324292367019 0.2397738804304475 0.2847118702355848 -0.03890978135781853
 -2.876397887272855 0.1248290290969601 0.1399158503537274 0.529656117138017 0.2029641060395456 0.6967528424833371 -0.4771359261801885 0.1391774676058612 -0.2525540244384553 1.29927866108029 0.2104849755435257 0.1742531518107189 -0.6290061821965894 0.7669046312878639 -0.8059498821134053 -0.1560156693056218
 -1.813474588117378 0.1791319343115997 0.2419378359300743 -0.2910088442769794 0.4534412676317208 -0.2144735088426894 0.4945633949672445 0.3515259996469843 0.640904446519835 -0.09984039775187391 0.1887788194179927 0.2345667261761254 -0.6175834180242017 0.6560684048681137 -0.2090422640819361 -0.8865067232399443
 -2.50014461429425 0.1520424141846728 0.3148218145017135 0.2975101803189895 -0.1235848797843648 0.3084253528411249 -0.729920851929408 0.07502177887803915 0.6743797002163255 -0.8625764069910193 0.2802673285913357 0.1388319753374932 -0.4089709551800273 0.3756057361281617 0.7833325702424039 0.6695482363959688
 -0.5051693006747899 0.4319154876023019 0.1471290265573233 -0.3563815422772211 0.3724527367479524 -2.146278934266218 0.1764932511215319 0.1333451386461126 -0.0251201529545491 0.9183848083901955 0.2567602494999321 0.5419185139609031 -1.437415031789636 -0.5699799435128274 -0.3602800331568343 1.833965613711975
 -2.53232250961307 0.4230833064088093 0.2014955723731186 -0.6284929702087015 0.2779709591661463 0.9236391961747673 -1.009642750301602 0.05762809391204878 0.4888234725761997 0.2699471476393251 0.2265829038885662 0.3769912516157973 -0.4471560574569765 -0.2734284040007071 0.8029741537320547 -0.6065845354815811
 -1.737970462300096 0.07284680549218291 0.4084402214681386 0.5150246483730194 0.0750268121230807 -0.02406908118998871 0.8848101737155281 0.4394469193424326 0.2509390850094933 -1.562597534187765 0.06541737384048424 0.130462899596673 -0.778427960965135 0.1842922253185783 -0.2422647676956957 0.01225878760877327
 -2.568659817902111 0.1271211622264692 0.3075641297508509 -0.5610137711786403 0.3086528722281347 0.7049428888840318 1.093641566805839 0.2870275979488344 0.6816366742692634 -0.2621385464356769 0.4762222048848979 0.1361784930371705 -0.8600377503196021 -0.5668371750941411 0.9755631295508554 0.5342597943092846
 -5.158446706433846 0.3035039300256244 0.4461423639610215 0.5817789532271038 0.2489130742496117 -0.2397519674394629 -0.5399395881488235 0.3163656629023076 -0.2517004101747405 0.1059572433382077 0.2902446267948884 0.2125825086806253 4.810047393557015 0.1387252205677159 -0.2731897506821166 -0.1857418188922364


